16 21 232 72
17 21 248 72
17 21 280 72
17 21 312 72
17 21 344 72
18 21 264 72
18 21 296 72
18 21 328 72
18 21 360 72
18 21 392 72
18 21 424 72
18 21 456 72
19 21 472 72
17 21 376 72
17 21 408 72
17 21 440 72
16 20 232 56
17 20 248 56
17 20 280 56
17 20 312 56
17 20 344 56
17 20 376 56
17 20 408 56
17 20 440 56
18 20 264 56
18 20 296 56
18 20 328 56
18 20 360 56
18 20 392 56
18 20 424 56
18 20 456 56
19 20 472 56
16 19 232 40
17 19 248 40
17 19 280 40
17 19 312 40
17 19 344 40
17 19 376 40
17 19 408 40
17 19 440 40
18 19 264 40
18 19 296 40
18 19 328 40
18 19 360 40
18 19 392 40
18 19 424 40
18 19 456 40
19 19 472 40
16 18 232 24
17 18 248 24
17 18 280 24
17 18 312 24
17 18 344 24
17 18 376 24
17 18 408 24
17 18 440 24
18 18 264 24
18 18 296 24
18 18 328 24
18 18 360 24
18 18 392 24
18 18 424 24
18 18 456 24
19 18 472 24
